% latex table generated in R 3.1.1 by xtable 1.7-4 package
% Mon Jun 15 10:19:10 2015
\begin{table}[ht]
\centering
{\small
\begin{tabular}{rrrrrrrrr}
 ActiveR & size\_high & size\_low & value\_high & value\_low & mom\_high & mom\_low & lvol\_high & lvol\_low \\ 
  \hline
Average & 0.030 & -0.001 & 0.033 & -0.007 & 0.037 & -0.031 & 0.002 & -0.108 \\ 
  T-stat & 1.974 & -0.219 & 2.676 & -1.260 & 3.566 & -1.766 & 0.278 & -3.267 \\ 
  P-value & 0.049 & 0.827 & 0.008 & 0.208 & 0.000 & 0.078 & 0.781 & 0.001 \\ 
   \hline
size\_high & 1.000 & -0.873 & 0.278 & -0.254 & 0.128 & 0.190 & -0.486 & 0.617 \\ 
  size\_low & -0.873 & 1.000 & -0.012 & 0.196 & -0.189 & -0.044 & 0.644 & -0.721 \\ 
  value\_high & 0.278 & -0.012 & 1.000 & -0.694 & -0.105 & 0.223 & 0.309 & -0.048 \\ 
  value\_low & -0.254 & 0.196 & -0.694 & 1.000 & 0.048 & -0.102 & -0.085 & -0.124 \\ 
  mom\_high & 0.128 & -0.189 & -0.105 & 0.048 & 1.000 & -0.722 & -0.108 & -0.046 \\ 
  mom\_low & 0.190 & -0.044 & 0.223 & -0.102 & -0.722 & 1.000 & -0.186 & 0.309 \\ 
  lvol\_high & -0.486 & 0.644 & 0.309 & -0.085 & -0.108 & -0.186 & 1.000 & -0.761 \\ 
  lvol\_low & 0.617 & -0.721 & -0.048 & -0.124 & -0.046 & 0.309 & -0.761 & 1.000 \\ 
   \hline
\end{tabular}
}
\caption{(Annualized) Average, T-stat and Correlation matrix of active returns of Long-Only Factor Portfolios. Monthly data from 01-1973 to 12-2013.} 
\label{table:summaryE}
\end{table}
