% latex table generated in R 3.1.1 by xtable 1.7-4 package
% Tue Jun  9 16:11:38 2015
\begin{table}[ht]
\centering
{\footnotesize
\begin{tabular}{rrrrrrrrrr}
 Long.Only & Mkt & size\_high & size\_low & value\_high & value\_low & mom\_high & mom\_low & lvol\_high & lvol\_low \\ 
  \hline
Return & 0.104 & 0.127 & 0.104 & 0.139 & 0.094 & 0.142 & 0.059 & 0.110 & -0.046 \\ 
  Volatility & 0.161 & 0.207 & 0.157 & 0.167 & 0.171 & 0.176 & 0.216 & 0.136 & 0.315 \\ 
  Sharpe ratio & 0.332 & 0.374 & 0.341 & 0.533 & 0.255 & 0.519 & 0.041 & 0.441 & -0.304 \\ 
   \hline
Mkt & 1.000 & 0.887 & 0.995 & 0.885 & 0.976 & 0.927 & 0.859 & 0.949 & 0.795 \\ 
  size\_high & 0.887 & 1.000 & 0.844 & 0.856 & 0.836 & 0.844 & 0.797 & 0.777 & 0.870 \\ 
  size\_low & 0.995 & 0.844 & 1.000 & 0.878 & 0.977 & 0.915 & 0.856 & 0.963 & 0.750 \\ 
  value\_high & 0.885 & 0.856 & 0.878 & 1.000 & 0.795 & 0.802 & 0.825 & 0.878 & 0.711 \\ 
  value\_low & 0.976 & 0.836 & 0.977 & 0.795 & 1.000 & 0.908 & 0.823 & 0.927 & 0.748 \\ 
  mom\_high & 0.927 & 0.844 & 0.915 & 0.802 & 0.908 & 1.000 & 0.652 & 0.867 & 0.720 \\ 
  mom\_low & 0.859 & 0.797 & 0.856 & 0.825 & 0.823 & 0.652 & 1.000 & 0.804 & 0.759 \\ 
  lvol\_high & 0.949 & 0.777 & 0.963 & 0.878 & 0.927 & 0.867 & 0.804 & 1.000 & 0.621 \\ 
  lvol\_low & 0.795 & 0.870 & 0.750 & 0.711 & 0.748 & 0.720 & 0.759 & 0.621 & 1.000 \\ 
   \hline
\end{tabular}
}
\caption{Return, Volatility, Sharpe ratio and Correlation matrix of Long-Only Factor Portfolios. Monthly data from 01-1973 to 12-2013. The annualized return in the risk-free asset over the period is 0.05.} 
\label{table:summary}
\end{table}
